1 0.100000
2 0.080644
3 0.031808
4 0.031456
5 0.024508
6 0.028026
7 0.019780
8 0.022303
9 0.009476
10 0.012399
11 0.003679
12 0.006595
13 0.001043
14 0.003434
15 0.000784
16 0.001501
17 0.000551
18 0.000588
19 0.000263
20 0.000554
21 0.000497
22 0.000812
23 0.001400
24 0.002037
25 0.003781
26 0.004461
27 0.008924
28 0.009823
29 0.014776
30 0.012521
31 0.023601
32 0.014200
33 0.034056
34 0.022168
35 0.036682
36 0.043376
37 0.046063
38 0.037191
39 0.053445
40 0.041451
41 0.064257
42 0.031394
43 0.073480
44 0.068180
45 0.053198
46 0.156735
47 0.069906
48 0.253833
49 0.169674
50 0.292811
51 0.298879
52 0.311133
53 0.339065
54 0.423977
55 0.419897
56 0.447631
57 0.281502
58 0.344405
59 0.229042
60 0.184407
61 0.205595
62 0.145913
63 0.115610
64 0.136114
65 0.056604
66 0.100840
67 0.038657
68 0.052073
69 0.036336
70 0.030285
71 0.020308
72 0.014685
73 0.015205
74 0.011205
75 0.009742
76 0.004036
77 0.005395
78 0.001364
79 0.002646
80 0.001348
81 0.001089
82 0.001215
83 0.000460
84 0.000840
85 0.000198
86 0.000528
87 0.000023
88 0.000344
89 0.000006
90 0.000219
91 0.000003
92 0.000129
93 0.000015
94 0.000059
95 0.000042
96 0.000016
97 0.000025
98 0.000002
99 0.000013
100 0.000003
101 0.000005
102 0.000002
103 0.000002
104 0.000001
105 0.000001
106 0.000001
107 0.000000
108 0.000001
109 0.000000
110 0.000000
111 0.000000
112 0.000000
113 0.000000
114 0.000000
115 0.000000
116 0.000000
117 0.000000
118 0.000000
119 0.000000
120 0.000000
121 0.000000
122 0.000001
123 0.000000
124 0.000001
125 0.000001
126 0.000002
127 0.000001
128 0.000002
129 0.000002
130 0.000003
131 0.000000
132 0.000004
133 0.000000
134 0.000005
135 0.000001
136 0.000008
137 0.000005
138 0.000012
139 0.000011
140 0.000019
141 0.000014
142 0.000018
143 0.000018
144 0.000023
145 0.000015
146 0.000028
147 0.000020
148 0.000041
149 0.000010
150 0.000096
151 0.000089
152 0.000236
153 0.000312
154 0.000486
155 0.000195
156 0.000957
157 0.000364
158 0.001757
159 0.000978
160 0.002868
161 0.003439
162 0.003765
163 0.002933
164 0.002993
165 0.001321
166 0.003976
167 0.001727
168 0.007458
169 0.005837
170 0.010019
171 0.011904
172 0.013766
173 0.024383
174 0.004950
175 0.043480
176 0.026370
177 0.062315
178 0.072208
179 0.106557
180 0.058712
181 0.050197
182 0.042326
183 0.021845
184 0.031153
185 0.038430
186 0.038963
187 0.029493
188 0.032915
189 0.016537
190 0.018978
191 0.011631
192 0.010650
193 0.003908
194 0.006493
195 0.000290
196 0.003675
197 0.001435
198 0.002001
199 0.001557
200 0.001230
201 0.001369
202 0.000617
203 0.001152
204 0.000541
205 0.000895
206 0.000447
207 0.000716
208 0.000316
209 0.000566
210 0.000154
211 0.000473
212 0.000058
213 0.000480
214 0.000336
215 0.000609
216 0.000529
217 0.000717
218 0.000801
219 0.001069
220 0.000778
221 0.001861
222 0.001594
223 0.002113
224 0.003341
225 0.001580
226 0.005798
227 0.000747
228 0.009659
229 0.004793
230 0.015000
231 0.015049
232 0.020404
233 0.013677
234 0.023811
235 0.021790
236 0.017919
237 0.032965
238 0.002745
239 0.046279
240 0.016496
241 0.068351
242 0.051129
243 0.075014
244 0.112360
245 0.077511
246 0.060102
247 0.090889
248 0.035291
249 0.086906
250 0.075131
251 0.073068
252 0.070647
253 0.058059
254 0.050684
255 0.031507
256 0.036889
257 0.009642
258 0.023941
259 0.000380
260 0.014845
261 0.001253
262 0.008157
263 0.002336
264 0.003182
265 0.001534
266 0.000757
267 0.001224
268 0.000091
269 0.000937
270 0.000212
271 0.000804
272 0.000695
273 0.000718
274 0.000599
275 0.000809
276 0.000883
277 0.000609
278 0.001336
279 0.000395
280 0.001502
281 0.001050
282 0.002312
283 0.001244
284 0.003975
285 0.000381
286 0.006822
287 0.005229
288 0.015355
289 0.011007
290 0.041734
291 0.037602
292 0.085064
293 0.077299
294 0.112374
295 0.088121
296 0.078624
297 0.059822
298 0.034820
299 0.021846
300 0.010178
301 0.013703
302 0.006159
303 0.007542
304 0.007711
305 0.002613
306 0.004920
307 0.001978
308 0.002749
309 0.002487
310 0.001970
311 0.003169
312 0.000581
313 0.004613
314 0.001156
315 0.007053
316 0.003383
317 0.009319
318 0.010722
319 0.008755
320 0.019315
321 0.000917
322 0.033656
323 0.009432
324 0.052325
325 0.043573
326 0.073271
327 0.088257
328 0.073621
329 0.112328
330 0.097589
331 0.143561
332 0.115293
333 0.187834
334 0.168048
335 0.230212
336 0.119136
337 0.169551
338 0.046353
339 0.126279
340 0.019139
341 0.087725
342 0.030998
343 0.059646
344 0.034629
345 0.036195
346 0.038744
347 0.017109
348 0.027641
349 0.002678
350 0.018745
351 0.001810
352 0.012758
353 0.003919
354 0.008740
355 0.002919
356 0.005964
357 0.001111
358 0.003820
359 0.000060
360 0.002259
361 0.000583
362 0.001324
363 0.000000
364 0.000865
365 0.000000
366 0.000548
367 0.000109
368 0.000373
369 0.000149
370 0.000294
371 0.000160
372 0.000239
373 0.000152
374 0.000197
375 0.000134
376 0.000164
377 0.000109
378 0.000137
379 0.000077
380 0.000118
381 0.000062
382 0.000075
383 0.000068
384 0.000048
385 0.000054
386 0.000032
387 0.000043
388 0.000020
389 0.000032
390 0.000017
391 0.000024
392 0.000012
393 0.000017
394 0.000006
395 0.000012
396 0.000001
397 0.000007
398 0.000001
399 0.000004
400 0.000002
401 0.000002
402 0.000002
403 0.000001
404 0.000001
405 0.000000
406 0.000001
407 0.000000
408 0.000001
409 0.000000
410 0.000000
411 0.000000
412 0.000000
413 0.000000
414 0.000000
415 0.000000
416 0.000000
417 0.000000
418 0.000000
419 0.000000
420 0.000000
421 0.000000
422 0.000000
423 0.000000
424 0.000000
425 0.000000
426 0.000000
427 0.000000
428 0.000000
429 0.000000
430 0.000000
431 0.000000
432 0.000000
433 0.000000
434 0.000000
435 0.000000
436 0.000000
437 0.000000
438 0.000000
439 0.000000
440 0.000000
441 0.000000
442 0.000000
443 0.000000
444 0.000000
445 0.000000
446 0.000000
447 0.000000
448 0.000000
449 0.000000
450 0.000000
451 0.000000
452 0.000000
453 0.000000
454 0.000000
455 0.000000
456 0.000000
457 0.000000
458 0.000000
459 0.000000
460 0.000000
461 0.000000
462 0.000000
463 0.000000
464 0.000000
465 0.000000
466 0.000000
467 0.000000
468 0.000000
469 0.000000
470 0.000000
471 0.000000
472 0.000000
473 0.000000
474 0.000000
475 0.000000
476 0.000000
477 0.000000
478 0.000000
479 0.000000
480 0.000000
481 0.000000
482 0.000000
483 0.000000
484 0.000000
485 0.000000
486 0.000000
487 0.000000
488 0.000000
489 0.000000
490 0.000000
491 0.000000
492 0.000000
493 0.000000
494 0.000000
495 0.000000
496 0.000000
497 0.000000
498 0.000000
499 0.000000
500 0.000000
501 0.000000
502 0.000000
503 0.000000
504 0.000000
505 0.000000
506 0.000000
507 0.000000
508 0.000000
509 0.000000
510 0.000000
511 0.000000
512 0.000000
513 0.000000
514 0.000000
515 0.000000
516 0.000000
517 0.000000
518 0.000000
519 0.000000
520 0.000000
521 0.000000
522 0.000000
523 0.000000
524 0.000000
525 0.000000
526 0.000000
527 0.000000
528 0.000000
529 0.000000
530 0.000000
531 0.000000
532 0.000000
533 0.000000
534 0.000000
535 0.000000
536 0.000000
537 0.000000
538 0.000000
539 0.000000
540 0.000000
541 0.000000
542 0.000000
543 0.000000
544 0.000000
545 0.000000
546 0.000000
547 0.000000
548 0.000000
549 0.000000
