1 0.100000
2 0.101176
3 0.102353
4 0.103531
5 0.104708
6 0.105882
7 0.107052
8 0.108216
9 0.109377
10 0.110532
11 0.111679
12 0.112818
13 0.113948
14 0.115067
15 0.116176
16 0.117274
17 0.118360
18 0.119431
19 0.120485
20 0.121522
21 0.122539
22 0.123537
23 0.124513
24 0.125468
25 0.126400
26 0.127314
27 0.128208
28 0.129079
29 0.129929
30 0.130755
31 0.131553
32 0.132325
33 0.133068
34 0.133788
35 0.134477
36 0.135137
37 0.135769
38 0.136374
39 0.136956
40 0.137507
41 0.138035
42 0.138536
43 0.139005
44 0.139450
45 0.139862
46 0.140244
47 0.140599
48 0.140926
49 0.141228
50 0.141503
51 0.141746
52 0.141960
53 0.142142
54 0.142294
55 0.142417
56 0.142514
57 0.142587
58 0.142635
59 0.142656
60 0.142647
61 0.142612
62 0.142556
63 0.142479
64 0.142378
65 0.142252
66 0.142101
67 0.141924
68 0.141723
69 0.141496
70 0.141250
71 0.140982
72 0.140698
73 0.140395
74 0.140072
75 0.139732
76 0.139375
77 0.138998
78 0.138606
79 0.138199
80 0.137778
81 0.137349
82 0.136902
83 0.136449
84 0.135982
85 0.135502
86 0.135014
87 0.134514
88 0.134005
89 0.133484
90 0.132951
91 0.132413
92 0.131864
93 0.131310
94 0.130747
95 0.130180
96 0.129614
97 0.129043
98 0.128471
99 0.127898
100 0.127321
101 0.126748
102 0.126178
103 0.125609
104 0.125041
105 0.124471
106 0.123899
107 0.123328
108 0.122758
109 0.122195
110 0.121635
111 0.121083
112 0.120539
113 0.120001
114 0.119467
115 0.118940
116 0.118417
117 0.117897
118 0.117380
119 0.116866
120 0.116356
121 0.115852
122 0.115355
123 0.114866
124 0.114384
125 0.113909
126 0.113441
127 0.112985
128 0.112535
129 0.112092
130 0.111661
131 0.111240
132 0.110826
133 0.110425
134 0.110039
135 0.109665
136 0.109307
137 0.108965
138 0.108632
139 0.108309
140 0.107996
141 0.107692
142 0.107401
143 0.107120
144 0.106850
145 0.106592
146 0.106346
147 0.106110
148 0.105888
149 0.105681
150 0.105484
151 0.105300
152 0.105132
153 0.104976
154 0.104836
155 0.104713
156 0.104607
157 0.104514
158 0.104431
159 0.104362
160 0.104313
161 0.104280
162 0.104257
163 0.104246
164 0.104249
165 0.104266
166 0.104298
167 0.104343
168 0.104402
169 0.104480
170 0.104572
171 0.104675
172 0.104790
173 0.104922
174 0.105066
175 0.105223
176 0.105393
177 0.105573
178 0.105764
179 0.105969
180 0.106187
181 0.106423
182 0.106670
183 0.106929
184 0.107201
185 0.107492
186 0.107802
187 0.108124
188 0.108457
189 0.108804
190 0.109165
191 0.109544
192 0.109938
193 0.110350
194 0.110774
195 0.111212
196 0.111661
197 0.112128
198 0.112612
199 0.113113
200 0.113626
201 0.114155
202 0.114697
203 0.115250
204 0.115816
205 0.116395
206 0.116983
207 0.117581
208 0.118190
209 0.118809
210 0.119437
211 0.120075
212 0.120729
213 0.121399
214 0.122086
215 0.122786
216 0.123500
217 0.124222
218 0.124959
219 0.125712
220 0.126476
221 0.127247
222 0.128030
223 0.128824
224 0.129628
225 0.130446
226 0.131272
227 0.132108
228 0.132951
229 0.133808
230 0.134671
231 0.135546
232 0.136439
233 0.137345
234 0.138259
235 0.139187
236 0.140126
237 0.141074
238 0.142031
239 0.142996
240 0.143967
241 0.144940
242 0.145919
243 0.146900
244 0.147885
245 0.148879
246 0.149873
247 0.150870
248 0.151868
249 0.152866
250 0.153863
251 0.154869
252 0.155874
253 0.156889
254 0.157908
255 0.158924
256 0.159937
257 0.160956
258 0.161973
259 0.162992
260 0.164006
261 0.165017
262 0.166027
263 0.167031
264 0.168035
265 0.169035
266 0.170031
267 0.171020
268 0.172007
269 0.172989
270 0.173969
271 0.174941
272 0.175910
273 0.176882
274 0.177847
275 0.178803
276 0.179752
277 0.180695
278 0.181631
279 0.182560
280 0.183480
281 0.184398
282 0.185307
283 0.186214
284 0.187117
285 0.188015
286 0.188907
287 0.189801
288 0.190689
289 0.191570
290 0.192447
291 0.193325
292 0.194195
293 0.195057
294 0.195910
295 0.196756
296 0.197593
297 0.198422
298 0.199246
299 0.200064
300 0.200879
301 0.201690
302 0.202505
303 0.203313
304 0.204120
305 0.204927
306 0.205740
307 0.206556
308 0.207373
309 0.208191
310 0.209013
311 0.209841
312 0.210680
313 0.211515
314 0.212350
315 0.213197
316 0.214046
317 0.214892
318 0.215744
319 0.216594
320 0.217446
321 0.218302
322 0.219156
323 0.220018
324 0.220882
325 0.221752
326 0.222636
327 0.223534
328 0.224440
329 0.225346
330 0.226253
331 0.227163
332 0.228075
333 0.228992
334 0.229918
335 0.230854
336 0.231798
337 0.232748
338 0.233703
339 0.234661
340 0.235628
341 0.236599
342 0.237574
343 0.238552
344 0.239535
345 0.240522
346 0.241514
347 0.242515
348 0.243526
349 0.244555
350 0.245589
351 0.246635
352 0.247686
353 0.248742
354 0.249804
355 0.250871
356 0.251950
357 0.253033
358 0.254121
359 0.255226
360 0.256335
361 0.257463
362 0.258601
363 0.259753
364 0.260911
365 0.262076
366 0.263247
367 0.264428
368 0.265635
369 0.266847
370 0.268061
371 0.269279
372 0.270499
373 0.271722
374 0.272948
375 0.274176
376 0.275405
377 0.276637
378 0.277870
379 0.279104
380 0.280340
381 0.281578
382 0.282816
383 0.284054
384 0.285305
385 0.286556
386 0.287811
387 0.289069
388 0.290326
389 0.291582
390 0.292835
391 0.294085
392 0.295332
393 0.296578
394 0.297830
395 0.299077
396 0.300322
397 0.301562
398 0.302814
399 0.304067
400 0.305314
401 0.306577
402 0.307833
403 0.309095
404 0.310350
405 0.311596
406 0.312834
407 0.314072
408 0.315305
409 0.316529
410 0.317744
411 0.318947
412 0.320148
413 0.321338
414 0.322516
415 0.323682
416 0.324852
417 0.326011
418 0.327158
419 0.328297
420 0.329422
421 0.330533
422 0.331630
423 0.332742
424 0.333842
425 0.334928
426 0.336009
427 0.337073
428 0.338124
429 0.339157
430 0.340180
431 0.341194
432 0.342191
433 0.343180
434 0.344159
435 0.345125
436 0.346086
437 0.347032
438 0.347959
439 0.348867
440 0.349775
441 0.350673
442 0.351553
443 0.352413
444 0.353259
445 0.354090
446 0.354903
447 0.355707
448 0.356506
449 0.357285
450 0.358048
451 0.358792
452 0.359521
453 0.360235
454 0.360948
455 0.361638
456 0.362318
457 0.362981
458 0.363631
459 0.364262
460 0.364879
461 0.365474
462 0.366075
463 0.366655
464 0.367215
465 0.367753
466 0.368270
467 0.368766
468 0.369241
469 0.369695
470 0.370129
471 0.370551
472 0.370953
473 0.371335
474 0.371707
475 0.372069
476 0.372412
477 0.372743
478 0.373054
479 0.373359
480 0.373654
481 0.373931
482 0.374193
483 0.374440
484 0.374679
485 0.374905
486 0.375115
487 0.375309
488 0.375488
489 0.375666
490 0.375829
491 0.375981
492 0.376117
493 0.376271
494 0.376411
495 0.376536
496 0.376649
497 0.376767
498 0.376871
499 0.376963
500 0.377046
501 0.377124
502 0.377204
503 0.377273
504 0.377330
505 0.377375
506 0.377410
507 0.377433
508 0.377449
509 0.377456
510 0.377456
511 0.377446
512 0.377427
513 0.377399
514 0.377364
515 0.377332
516 0.377305
517 0.377270
518 0.377228
519 0.377181
520 0.377131
521 0.377080
522 0.377023
523 0.376959
524 0.376888
525 0.376811
526 0.376727
527 0.376642
528 0.376566
529 0.376494
530 0.376430
531 0.376360
532 0.376318
533 0.376285
534 0.376247
535 0.376210
536 0.376178
537 0.376149
538 0.376117
539 0.376079
540 0.376043
541 0.376014
542 0.375979
543 0.375959
544 0.375938
545 0.375911
546 0.375881
547 0.375847
548 0.375827
549 0.375805
