1 0.100000
2 0.122520
3 0.082951
4 0.070454
5 0.063542
6 0.062058
7 0.052937
8 0.056073
9 0.029678
10 0.030796
11 0.022097
12 0.023867
13 0.012076
14 0.013244
15 0.009411
16 0.007644
17 0.005197
18 0.003917
19 0.002643
20 0.003065
21 0.003366
22 0.005169
23 0.007548
24 0.010609
25 0.016625
26 0.020750
27 0.025293
28 0.032470
29 0.034335
30 0.031452
31 0.053451
32 0.034185
33 0.079996
34 0.041725
35 0.090397
36 0.104642
37 0.107761
38 0.065841
39 0.111479
40 0.088056
41 0.139722
42 0.041587
43 0.169326
44 0.087407
45 0.193297
46 0.241055
47 0.151286
48 0.366481
49 0.241925
50 0.364991
51 0.378389
52 0.315962
53 0.344061
54 0.438740
55 0.449726
56 0.458282
57 0.282806
58 0.317203
59 0.236422
60 0.160839
61 0.260026
62 0.152571
63 0.144060
64 0.162400
65 0.084797
66 0.130287
67 0.054987
68 0.065354
69 0.078478
70 0.060656
71 0.044047
72 0.027004
73 0.033125
74 0.028687
75 0.021368
76 0.010271
77 0.013630
78 0.007440
79 0.008013
80 0.005962
81 0.002623
82 0.004177
83 0.001507
84 0.002795
85 0.000998
86 0.001710
87 0.000312
88 0.001140
89 0.000121
90 0.000752
91 0.000044
92 0.000438
93 0.000046
94 0.000211
95 0.000196
96 0.000070
97 0.000078
98 0.000023
99 0.000044
100 0.000022
101 0.000020
102 0.000015
103 0.000011
104 0.000006
105 0.000004
106 0.000006
107 0.000002
108 0.000004
109 0.000002
110 0.000002
111 0.000002
112 0.000001
113 0.000001
114 0.000000
115 0.000000
116 0.000000
117 0.000000
118 0.000000
119 0.000000
120 0.000000
121 0.000000
122 0.000000
123 0.000000
124 0.000000
125 0.000000
126 0.000000
127 0.000000
128 0.000000
129 0.000000
130 0.000000
131 0.000000
132 0.000000
133 0.000000
134 0.000000
135 0.000000
136 0.000000
137 0.000000
138 0.000000
139 0.000000
140 0.000000
141 0.000000
142 0.000000
143 0.000000
144 0.000000
145 0.000000
146 0.000000
147 0.000000
148 0.000000
149 0.000000
150 0.000000
151 0.000000
152 0.000000
153 0.000001
154 0.000001
155 0.000001
156 0.000002
157 0.000001
158 0.000003
159 0.000003
160 0.000006
161 0.000008
162 0.000008
163 0.000007
164 0.000007
165 0.000007
166 0.000009
167 0.000011
168 0.000017
169 0.000013
170 0.000016
171 0.000021
172 0.000029
173 0.000037
174 0.000011
175 0.000064
176 0.000029
177 0.000069
178 0.000106
179 0.000141
180 0.000080
181 0.000083
182 0.000111
183 0.000089
184 0.000096
185 0.000178
186 0.000180
187 0.000145
188 0.000183
189 0.000148
190 0.000172
191 0.000154
192 0.000141
193 0.000058
194 0.000173
195 0.000085
196 0.000238
197 0.000356
198 0.000352
199 0.000565
200 0.000597
201 0.000793
202 0.000390
203 0.000965
204 0.000608
205 0.001134
206 0.000724
207 0.001440
208 0.000808
209 0.001712
210 0.000827
211 0.002223
212 0.001598
213 0.003349
214 0.003136
215 0.003891
216 0.003880
217 0.004928
218 0.007064
219 0.005252
220 0.004103
221 0.009252
222 0.006708
223 0.010684
224 0.011842
225 0.007452
226 0.016092
227 0.005673
228 0.025882
229 0.013469
230 0.041635
231 0.055539
232 0.062028
233 0.057316
234 0.083148
235 0.067534
236 0.078528
237 0.091724
238 0.067381
239 0.106336
240 0.055335
241 0.133045
242 0.071449
243 0.122465
244 0.176521
245 0.122136
246 0.102310
247 0.139021
248 0.048841
249 0.118108
250 0.101612
251 0.087016
252 0.089913
253 0.067557
254 0.057286
255 0.034480
256 0.048235
257 0.012988
258 0.030726
259 0.001897
260 0.020219
261 0.004361
262 0.011142
263 0.007493
264 0.004397
265 0.004744
266 0.000973
267 0.003192
268 0.000125
269 0.002289
270 0.000389
271 0.001938
272 0.001948
273 0.001737
274 0.001045
275 0.001578
276 0.001417
277 0.001069
278 0.002014
279 0.000565
280 0.001840
281 0.001659
282 0.002309
283 0.001871
284 0.003375
285 0.000851
286 0.005405
287 0.006498
288 0.010625
289 0.021112
290 0.031817
291 0.039372
292 0.073319
293 0.070231
294 0.111486
295 0.080200
296 0.089042
297 0.085444
298 0.040884
299 0.070130
300 0.031729
301 0.025722
302 0.016263
303 0.019996
304 0.025779
305 0.011548
306 0.018485
307 0.015832
308 0.015801
309 0.015156
310 0.014040
311 0.013553
312 0.002982
313 0.016624
314 0.007067
315 0.024849
316 0.009539
317 0.031692
318 0.032859
319 0.041157
320 0.053232
321 0.010379
322 0.098616
323 0.039188
324 0.138969
325 0.124233
326 0.202140
327 0.198920
328 0.156318
329 0.199029
330 0.187186
331 0.230512
332 0.182953
333 0.301612
334 0.283067
335 0.363284
336 0.187880
337 0.244731
338 0.077580
339 0.218059
340 0.043512
341 0.145506
342 0.060598
343 0.102173
344 0.063079
345 0.065978
346 0.078881
347 0.042183
348 0.050686
349 0.004905
350 0.033304
351 0.003336
352 0.022743
353 0.009272
354 0.015443
355 0.005615
356 0.010411
357 0.002186
358 0.006365
359 0.000095
360 0.003346
361 0.001668
362 0.001301
363 0.000683
364 0.000430
365 0.000201
366 0.000119
367 0.000071
368 0.000074
369 0.000056
370 0.000065
371 0.000053
372 0.000057
373 0.000048
374 0.000050
375 0.000041
376 0.000044
377 0.000034
378 0.000038
379 0.000026
380 0.000037
381 0.000021
382 0.000022
383 0.000024
384 0.000014
385 0.000018
386 0.000010
387 0.000016
388 0.000006
389 0.000011
390 0.000005
391 0.000008
392 0.000004
393 0.000006
394 0.000002
395 0.000004
396 0.000001
397 0.000003
398 0.000000
399 0.000002
400 0.000001
401 0.000001
402 0.000001
403 0.000000
404 0.000001
405 0.000000
406 0.000000
407 0.000000
408 0.000000
409 0.000000
410 0.000000
411 0.000000
412 0.000000
413 0.000000
414 0.000000
415 0.000000
416 0.000000
417 0.000000
418 0.000000
419 0.000000
420 0.000000
421 0.000000
422 0.000000
423 0.000000
424 0.000000
425 0.000000
426 0.000000
427 0.000000
428 0.000000
429 0.000001
430 0.000000
431 0.000001
432 0.000000
433 0.000001
434 0.000000
435 0.000001
436 0.000000
437 0.000001
438 0.000000
439 0.000001
440 0.000000
441 0.000000
442 0.000000
443 0.000000
444 0.000000
445 0.000000
446 0.000000
447 0.000000
448 0.000000
449 0.000000
450 0.000000
451 0.000000
452 0.000000
453 0.000000
454 0.000000
455 0.000000
456 0.000000
457 0.000001
458 0.000000
459 0.000001
460 0.000000
461 0.000001
462 0.000000
463 0.000001
464 0.000000
465 0.000001
466 0.000000
467 0.000001
468 0.000000
469 0.000001
470 0.000001
471 0.000001
472 0.000001
473 0.000001
474 0.000001
475 0.000001
476 0.000001
477 0.000001
478 0.000002
479 0.000002
480 0.000001
481 0.000002
482 0.000002
483 0.000001
484 0.000003
485 0.000002
486 0.000002
487 0.000001
488 0.000003
489 0.000001
490 0.000003
491 0.000001
492 0.000004
493 0.000003
494 0.000002
495 0.000008
496 0.000004
497 0.000012
498 0.000003
499 0.000019
500 0.000003
501 0.000028
502 0.000004
503 0.000043
504 0.000016
505 0.000056
506 0.000029
507 0.000078
508 0.000042
509 0.000092
510 0.000046
511 0.000114
512 0.000048
513 0.000122
514 0.000046
515 0.000153
516 0.000060
517 0.000151
518 0.000114
519 0.000185
520 0.000126
521 0.000191
522 0.000127
523 0.000212
524 0.000138
525 0.000185
526 0.000143
527 0.000200
528 0.000230
529 0.000194
530 0.000076
531 0.000187
532 0.000102
533 0.000097
534 0.000120
535 0.000088
536 0.000085
537 0.000055
538 0.000034
539 0.000059
540 0.000035
541 0.000028
542 0.000034
543 0.000020
544 0.000019
545 0.000018
546 0.000010
547 0.000012
548 0.000004
549 0.000000
