1 0.100000
2 0.095239
3 0.088781
4 0.081592
5 0.077178
6 0.072243
7 0.069532
8 0.068038
9 0.067990
10 0.068743
11 0.069489
12 0.070391
13 0.073874
14 0.073906
15 0.073168
16 0.071394
17 0.068898
18 0.066987
19 0.067026
20 0.065982
21 0.064265
22 0.062875
23 0.062108
24 0.065917
25 0.073769
26 0.075387
27 0.073051
28 0.071489
29 0.069294
30 0.067104
31 0.064915
32 0.062704
33 0.060495
34 0.058628
35 0.056711
36 0.054563
37 0.053380
38 0.051826
39 0.050326
40 0.048910
41 0.047863
42 0.047180
43 0.046497
44 0.045902
45 0.045306
46 0.044785
47 0.044587
48 0.044405
49 0.044659
50 0.045172
51 0.045667
52 0.046123
53 0.046578
54 0.046909
55 0.046719
56 0.047008
57 0.047306
58 0.047795
59 0.048642
60 0.049510
61 0.050348
62 0.051935
63 0.054516
64 0.057403
65 0.059658
66 0.061788
67 0.063425
68 0.065055
69 0.066682
70 0.066853
71 0.066887
72 0.066237
73 0.064052
74 0.061573
75 0.059834
76 0.058155
77 0.056385
78 0.054333
79 0.052495
80 0.051707
81 0.051108
82 0.050506
83 0.049838
84 0.049137
85 0.047933
86 0.047232
87 0.046391
88 0.044383
89 0.042654
90 0.040921
91 0.039470
92 0.038016
93 0.035485
94 0.032952
95 0.030533
96 0.028454
97 0.026311
98 0.024741
99 0.022939
100 0.021273
101 0.019146
102 0.017341
103 0.015833
104 0.014672
105 0.013520
106 0.012383
107 0.011410
108 0.010452
109 0.009593
110 0.008684
111 0.007841
112 0.007152
113 0.006413
114 0.005816
115 0.005325
116 0.004984
117 0.004643
118 0.004304
119 0.003964
120 0.003626
121 0.003319
122 0.003004
123 0.002770
124 0.002548
125 0.002355
126 0.002198
127 0.002063
128 0.001928
129 0.001811
130 0.001730
131 0.001683
132 0.001637
133 0.001605
134 0.001574
135 0.001550
136 0.001535
137 0.001502
138 0.001466
139 0.001433
140 0.001403
141 0.001424
142 0.001445
143 0.001469
144 0.001488
145 0.001533
146 0.001584
147 0.001704
148 0.001869
149 0.002104
150 0.002233
151 0.002402
152 0.002465
153 0.002473
154 0.002548
155 0.002616
156 0.002605
157 0.002605
158 0.002586
159 0.002587
160 0.002537
161 0.002496
162 0.002571
163 0.002635
164 0.002717
165 0.002813
166 0.002900
167 0.002864
168 0.002790
169 0.002764
170 0.002707
171 0.002644
172 0.002576
173 0.002534
174 0.002475
175 0.002411
176 0.002408
177 0.002400
178 0.002389
179 0.002425
180 0.002618
181 0.002817
182 0.003072
183 0.003227
184 0.003407
185 0.003604
186 0.003787
187 0.004050
188 0.004350
189 0.004629
190 0.004672
191 0.004796
192 0.004887
193 0.004981
194 0.004976
195 0.005056
196 0.005124
197 0.005216
198 0.005228
199 0.005247
200 0.005384
201 0.005487
202 0.005605
203 0.005709
204 0.005805
205 0.005889
206 0.005960
207 0.006017
208 0.006051
209 0.006071
210 0.006080
211 0.006114
212 0.006121
213 0.006142
214 0.006088
215 0.006070
216 0.006058
217 0.006031
218 0.006009
219 0.006043
220 0.006070
221 0.006084
222 0.006110
223 0.006114
224 0.005954
225 0.005744
226 0.005579
227 0.005269
228 0.004929
229 0.004663
230 0.004389
231 0.004106
232 0.003898
233 0.003671
234 0.003438
235 0.003249
236 0.003071
237 0.002895
238 0.002733
239 0.002555
240 0.002388
241 0.002241
242 0.002099
243 0.001969
244 0.001859
245 0.001800
246 0.001760
247 0.001725
248 0.001696
249 0.001666
250 0.001650
251 0.001658
252 0.001675
253 0.001697
254 0.001735
255 0.001770
256 0.001801
257 0.001829
258 0.001854
259 0.001889
260 0.001921
261 0.001952
262 0.001980
263 0.002005
264 0.002043
265 0.002078
266 0.002120
267 0.002155
268 0.002203
269 0.002250
270 0.002290
271 0.002320
272 0.002378
273 0.002509
274 0.002531
275 0.002549
276 0.002590
277 0.002628
278 0.002665
279 0.002735
280 0.002800
281 0.002801
282 0.002814
283 0.002834
284 0.002910
285 0.003047
286 0.003181
287 0.003231
288 0.003335
289 0.003541
290 0.003736
291 0.003974
292 0.004202
293 0.004418
294 0.004624
295 0.004813
296 0.004989
297 0.005148
298 0.005039
299 0.004907
300 0.004911
301 0.004979
302 0.004969
303 0.004952
304 0.004964
305 0.005039
306 0.005063
307 0.005101
308 0.005122
309 0.005189
310 0.005321
311 0.005539
312 0.005766
313 0.005986
314 0.006232
315 0.006413
316 0.006656
317 0.006892
318 0.007180
319 0.007514
320 0.007713
321 0.008043
322 0.008365
323 0.008701
324 0.009028
325 0.009438
326 0.009876
327 0.010231
328 0.010604
329 0.010968
330 0.011323
331 0.011666
332 0.011999
333 0.012338
334 0.012579
335 0.012878
336 0.013598
337 0.014309
338 0.015044
339 0.015770
340 0.016661
341 0.017541
342 0.018410
343 0.019278
344 0.020134
345 0.020978
346 0.021769
347 0.022512
348 0.023115
349 0.023735
350 0.024340
351 0.025199
352 0.026044
353 0.026873
354 0.027485
355 0.028081
356 0.028664
357 0.029249
358 0.029818
359 0.030953
360 0.032071
361 0.033564
362 0.035502
363 0.037663
364 0.039662
365 0.041490
366 0.043140
367 0.044179
368 0.045156
369 0.046111
370 0.047042
371 0.047951
372 0.048835
373 0.049696
374 0.050532
375 0.051344
376 0.052131
377 0.052893
378 0.053629
379 0.054339
380 0.055024
381 0.055846
382 0.056642
383 0.057410
384 0.057928
385 0.058418
386 0.058881
387 0.059375
388 0.058443
389 0.057484
390 0.056498
391 0.055486
392 0.054449
393 0.053407
394 0.052295
395 0.051158
396 0.049857
397 0.048533
398 0.047341
399 0.046166
400 0.044969
401 0.043360
402 0.041731
403 0.040323
404 0.038896
405 0.037453
406 0.035994
407 0.034807
408 0.033380
409 0.032290
410 0.031187
411 0.030071
412 0.029263
413 0.028443
414 0.027639
415 0.026824
416 0.026135
417 0.025433
418 0.024745
419 0.024245
420 0.023737
421 0.023232
422 0.022718
423 0.022420
424 0.022141
425 0.021825
426 0.021523
427 0.021215
428 0.020967
429 0.020714
430 0.020392
431 0.020076
432 0.019717
433 0.019497
434 0.019543
435 0.019707
436 0.020079
437 0.020610
438 0.021139
439 0.021666
440 0.022158
441 0.022697
442 0.023251
443 0.023804
444 0.024628
445 0.025492
446 0.026354
447 0.027512
448 0.027942
449 0.028398
450 0.029460
451 0.030953
452 0.032664
453 0.034474
454 0.036389
455 0.038305
456 0.040150
457 0.042095
458 0.043983
459 0.045953
460 0.047983
461 0.050018
462 0.051852
463 0.053691
464 0.055524
465 0.057362
466 0.059206
467 0.061055
468 0.062911
469 0.064774
470 0.066927
471 0.069089
472 0.071258
473 0.073435
474 0.075671
475 0.077902
476 0.080141
477 0.082391
478 0.084650
479 0.084351
480 0.084493
481 0.084646
482 0.084461
483 0.084354
484 0.084275
485 0.085285
486 0.086615
487 0.087955
488 0.089314
489 0.090665
490 0.091993
491 0.093915
492 0.095938
493 0.100349
494 0.103541
495 0.106746
496 0.107552
497 0.107807
498 0.108074
499 0.108354
500 0.108284
501 0.107890
502 0.107509
503 0.107139
504 0.106088
505 0.105048
506 0.104019
507 0.102999
508 0.102664
509 0.102406
510 0.102271
511 0.102146
512 0.101915
513 0.101692
514 0.101536
515 0.101408
516 0.102320
517 0.103240
518 0.104169
519 0.106350
520 0.108498
521 0.110799
522 0.113184
523 0.115575
524 0.118632
525 0.121693
526 0.124760
527 0.127803
528 0.131546
529 0.136343
530 0.141498
531 0.146657
532 0.154504
533 0.163089
534 0.171678
535 0.179567
536 0.188616
537 0.198508
538 0.208832
539 0.219310
540 0.232720
541 0.246008
542 0.259299
543 0.276470
544 0.294078
545 0.311689
546 0.330486
547 0.349285
548 0.373843
549 0.396379
