1 0.100000
2 0.105010
3 0.109982
4 0.114913
5 0.119653
6 0.124167
7 0.128379
8 0.132224
9 0.135765
10 0.138948
11 0.141682
12 0.143966
13 0.145778
14 0.147106
15 0.147920
16 0.148333
17 0.148351
18 0.147901
19 0.147066
20 0.145820
21 0.144205
22 0.142235
23 0.139946
24 0.137432
25 0.134693
26 0.131892
27 0.129003
28 0.126059
29 0.123094
30 0.120097
31 0.117117
32 0.114178
33 0.111311
34 0.108570
35 0.105938
36 0.103355
37 0.100945
38 0.098633
39 0.096585
40 0.094571
41 0.092818
42 0.091120
43 0.089506
44 0.087969
45 0.086485
46 0.084972
47 0.083536
48 0.082092
49 0.080747
50 0.079359
51 0.077976
52 0.076507
53 0.075009
54 0.073414
55 0.071821
56 0.070183
57 0.068570
58 0.066882
59 0.065187
60 0.063419
61 0.061687
62 0.059933
63 0.058273
64 0.056630
65 0.055034
66 0.053440
67 0.051893
68 0.050365
69 0.048885
70 0.047438
71 0.046056
72 0.044743
73 0.043518
74 0.042339
75 0.041251
76 0.040227
77 0.039272
78 0.038378
79 0.037578
80 0.036853
81 0.036247
82 0.035687
83 0.035228
84 0.034831
85 0.034520
86 0.034302
87 0.034175
88 0.034103
89 0.034100
90 0.034129
91 0.034252
92 0.034394
93 0.034601
94 0.034811
95 0.035080
96 0.035362
97 0.035664
98 0.035961
99 0.036250
100 0.036504
101 0.036795
102 0.037074
103 0.037341
104 0.037561
105 0.037731
106 0.037835
107 0.037888
108 0.037883
109 0.037866
110 0.037806
111 0.037711
112 0.037623
113 0.037477
114 0.037290
115 0.037052
116 0.036785
117 0.036463
118 0.036121
119 0.035731
120 0.035341
121 0.034918
122 0.034509
123 0.034087
124 0.033685
125 0.033250
126 0.032844
127 0.032445
128 0.032060
129 0.031633
130 0.031265
131 0.030874
132 0.030496
133 0.030103
134 0.029724
135 0.029324
136 0.028972
137 0.028623
138 0.028281
139 0.027897
140 0.027512
141 0.027084
142 0.026655
143 0.026192
144 0.025720
145 0.025229
146 0.024733
147 0.024209
148 0.023686
149 0.023160
150 0.022610
151 0.022048
152 0.021470
153 0.020894
154 0.020314
155 0.019768
156 0.019220
157 0.018687
158 0.018145
159 0.017625
160 0.017132
161 0.016670
162 0.016216
163 0.015792
164 0.015395
165 0.015049
166 0.014737
167 0.014480
168 0.014269
169 0.014133
170 0.014062
171 0.014053
172 0.014097
173 0.014228
174 0.014418
175 0.014677
176 0.014997
177 0.015383
178 0.015822
179 0.016332
180 0.016894
181 0.017536
182 0.018218
183 0.018949
184 0.019710
185 0.020526
186 0.021385
187 0.022256
188 0.023119
189 0.023991
190 0.024839
191 0.025696
192 0.026518
193 0.027342
194 0.028103
195 0.028818
196 0.029442
197 0.030019
198 0.030528
199 0.030962
200 0.031289
201 0.031543
202 0.031692
203 0.031733
204 0.031668
205 0.031511
206 0.031231
207 0.030850
208 0.030362
209 0.029785
210 0.029110
211 0.028363
212 0.027538
213 0.026667
214 0.025772
215 0.024858
216 0.023926
217 0.022975
218 0.022024
219 0.021091
220 0.020157
221 0.019234
222 0.018326
223 0.017455
224 0.016599
225 0.015780
226 0.014980
227 0.014222
228 0.013487
229 0.012794
230 0.012126
231 0.011516
232 0.010953
233 0.010450
234 0.009976
235 0.009560
236 0.009174
237 0.008830
238 0.008519
239 0.008244
240 0.007996
241 0.007779
242 0.007587
243 0.007426
244 0.007290
245 0.007193
246 0.007117
247 0.007068
248 0.007041
249 0.007040
250 0.007057
251 0.007110
252 0.007183
253 0.007288
254 0.007421
255 0.007574
256 0.007743
257 0.007942
258 0.008157
259 0.008389
260 0.008634
261 0.008895
262 0.009171
263 0.009459
264 0.009759
265 0.010068
266 0.010383
267 0.010705
268 0.011037
269 0.011377
270 0.011723
271 0.012070
272 0.012419
273 0.012778
274 0.013131
275 0.013477
276 0.013812
277 0.014135
278 0.014448
279 0.014746
280 0.015025
281 0.015288
282 0.015531
283 0.015760
284 0.015969
285 0.016158
286 0.016326
287 0.016474
288 0.016599
289 0.016695
290 0.016766
291 0.016812
292 0.016832
293 0.016823
294 0.016789
295 0.016728
296 0.016647
297 0.016542
298 0.016426
299 0.016297
300 0.016163
301 0.016024
302 0.015904
303 0.015779
304 0.015664
305 0.015561
306 0.015482
307 0.015418
308 0.015374
309 0.015347
310 0.015346
311 0.015377
312 0.015451
313 0.015548
314 0.015671
315 0.015847
316 0.016049
317 0.016275
318 0.016532
319 0.016811
320 0.017104
321 0.017416
322 0.017731
323 0.018073
324 0.018413
325 0.018770
326 0.019122
327 0.019491
328 0.019847
329 0.020190
330 0.020500
331 0.020790
332 0.021041
333 0.021272
334 0.021477
335 0.021671
336 0.021821
337 0.021947
338 0.022031
339 0.022085
340 0.022108
341 0.022104
342 0.022063
343 0.022002
344 0.021911
345 0.021805
346 0.021677
347 0.021550
348 0.021415
349 0.021308
350 0.021194
351 0.021091
352 0.020989
353 0.020899
354 0.020818
355 0.020753
356 0.020713
357 0.020691
358 0.020684
359 0.020703
360 0.020738
361 0.020822
362 0.020931
363 0.021063
364 0.021209
365 0.021365
366 0.021531
367 0.021709
368 0.021929
369 0.022145
370 0.022358
371 0.022559
372 0.022748
373 0.022918
374 0.023067
375 0.023187
376 0.023279
377 0.023333
378 0.023352
379 0.023325
380 0.023256
381 0.023140
382 0.022977
383 0.022759
384 0.022507
385 0.022201
386 0.021854
387 0.021461
388 0.021021
389 0.020533
390 0.020002
391 0.019429
392 0.018821
393 0.018185
394 0.017535
395 0.016864
396 0.016178
397 0.015484
398 0.014806
399 0.014141
400 0.013484
401 0.012865
402 0.012265
403 0.011704
404 0.011171
405 0.010671
406 0.010206
407 0.009783
408 0.009402
409 0.009064
410 0.008770
411 0.008521
412 0.008321
413 0.008166
414 0.008054
415 0.007985
416 0.007961
417 0.007977
418 0.008028
419 0.008116
420 0.008233
421 0.008379
422 0.008548
423 0.008758
424 0.008986
425 0.009230
426 0.009487
427 0.009755
428 0.010034
429 0.010320
430 0.010617
431 0.010926
432 0.011245
433 0.011577
434 0.011928
435 0.012294
436 0.012690
437 0.013106
438 0.013553
439 0.014029
440 0.014569
441 0.015159
442 0.015811
443 0.016520
444 0.017315
445 0.018186
446 0.019154
447 0.020226
448 0.021432
449 0.022742
450 0.024182
451 0.025734
452 0.027426
453 0.029233
454 0.031201
455 0.033273
456 0.035480
457 0.037787
458 0.040215
459 0.042707
460 0.045292
461 0.047901
462 0.050630
463 0.053338
464 0.056034
465 0.058657
466 0.061218
467 0.063652
468 0.065973
469 0.068117
470 0.070105
471 0.071879
472 0.073456
473 0.074777
474 0.075927
475 0.076852
476 0.077539
477 0.077983
478 0.078190
479 0.078194
480 0.078028
481 0.077616
482 0.077023
483 0.076243
484 0.075359
485 0.074335
486 0.073220
487 0.072007
488 0.070766
489 0.069492
490 0.068234
491 0.067028
492 0.065890
493 0.064977
494 0.064183
495 0.063521
496 0.063024
497 0.062729
498 0.062627
499 0.062734
500 0.063081
501 0.063695
502 0.064593
503 0.065754
504 0.067186
505 0.068901
506 0.070908
507 0.073221
508 0.075865
509 0.078846
510 0.082186
511 0.085888
512 0.089978
513 0.094468
514 0.099395
515 0.104800
516 0.110761
517 0.117229
518 0.124266
519 0.131884
520 0.140162
521 0.149145
522 0.158860
523 0.169314
524 0.180580
525 0.192673
526 0.205663
527 0.219615
528 0.234746
529 0.250997
530 0.268452
531 0.286974
532 0.307249
533 0.328926
534 0.351732
535 0.375699
536 0.401026
537 0.427674
538 0.455400
539 0.484152
540 0.514031
541 0.545161
542 0.577114
543 0.610431
544 0.644436
545 0.678967
546 0.714038
547 0.749390
548 0.785292
549 0.821329
