1 0.000000
2 0.000236
3 0.000524
4 0.001010
5 0.002892
6 0.005497
7 0.008523
8 0.011459
9 0.014256
10 0.016987
11 0.019989
12 0.023123
13 0.026312
14 0.032371
15 0.051925
16 0.050303
17 0.061592
18 0.077774
19 0.097934
20 0.119880
21 0.146038
22 0.168474
23 0.179758
24 0.174920
25 0.180857
26 0.151054
27 0.172061
28 0.185740
29 0.191630
30 0.190386
31 0.185450
32 0.178854
33 0.170158
34 0.163879
35 0.155134
36 0.130566
37 0.193468
38 0.231493
39 0.253850
40 0.280990
41 0.297607
42 0.304955
43 0.304446
44 0.302376
45 0.294108
46 0.248122
47 0.296863
48 0.307957
49 0.313331
50 0.320605
51 0.315908
52 0.247406
53 0.097271
54 0.274350
55 0.482791
56 0.524883
57 0.522450
58 0.515909
59 0.494656
60 0.487882
61 0.462220
62 0.431089
63 0.400000
64 0.366736
65 0.327432
66 0.272259
67 0.203230
68 0.131976
69 0.075525
70 0.039823
71 0.025689
72 0.021346
73 0.018239
74 0.015110
75 0.013270
76 0.012033
77 0.010101
78 0.007867
79 0.005401
80 0.002291
81 0.002584
82 0.002098
83 0.001384
84 0.000723
85 0.000432
86 0.000308
87 0.000263
88 0.000256
89 0.000243
90 0.000225
91 0.000211
92 0.000190
93 0.000165
94 0.000124
95 0.000113
96 0.000084
97 0.000053
98 0.000028
99 0.000017
100 0.000013
101 0.000011
102 0.000010
103 0.000009
104 0.000008
105 0.000007
106 0.000006
107 0.000005
108 0.000004
109 0.000003
110 0.000002
111 0.000002
112 0.000001
113 0.000001
114 0.000001
115 0.000001
116 0.000000
117 0.000000
118 0.000000
119 0.000000
120 0.000000
121 0.000000
122 0.000000
123 0.000000
124 0.000000
125 0.000000
126 0.000000
127 0.000000
128 0.000001
129 0.000002
130 0.000005
131 0.000015
132 0.000059
133 0.000136
134 0.000099
135 0.000120
136 0.000332
137 0.000343
138 0.000386
139 0.000703
140 0.000992
141 0.002656
142 0.006168
143 0.013122
144 0.021619
145 0.030245
146 0.036217
147 0.046604
148 0.054144
149 0.059414
150 0.061529
151 0.059949
152 0.076803
153 0.069937
154 0.038669
155 0.031379
156 0.044971
157 0.104112
158 0.065540
159 0.041645
160 0.031830
161 0.019738
162 0.008997
163 0.002544
164 0.000641
165 0.000276
166 0.000339
167 0.000309
168 0.000138
169 0.000077
170 0.000055
171 0.000073
172 0.000053
173 0.000047
174 0.000060
175 0.000159
176 0.000399
177 0.000791
178 0.001701
179 0.004369
180 0.007345
181 0.006267
182 0.008492
183 0.015676
184 0.024740
185 0.035707
186 0.057398
187 0.069563
188 0.091145
189 0.123406
190 0.163897
191 0.214416
192 0.269484
193 0.325641
194 0.382285
195 0.438534
196 0.495695
197 0.554143
198 0.607389
199 0.622400
200 0.627121
201 0.606170
202 0.585499
203 0.520027
204 0.447989
205 0.376672
206 0.306542
207 0.235050
208 0.164076
209 0.096347
210 0.040613
211 0.019337
212 0.010648
213 0.006945
214 0.004347
215 0.003087
216 0.002505
217 0.002069
218 0.001764
219 0.001556
220 0.001430
221 0.001305
222 0.001177
223 0.001049
224 0.000926
225 0.000803
226 0.000681
227 0.000560
228 0.000452
229 0.000343
230 0.000286
231 0.000188
232 0.000131
233 0.000091
234 0.000057
235 0.000031
236 0.000015
237 0.000008
238 0.000006
239 0.000004
240 0.000002
241 0.000001
242 0.000001
243 0.000001
244 0.000001
245 0.000000
246 0.000000
247 0.000000
248 0.000000
249 0.000001
250 0.000001
251 0.000002
252 0.000004
253 0.000009
254 0.000019
255 0.000037
256 0.000080
257 0.000160
258 0.000270
259 0.000400
260 0.000516
261 0.000709
262 0.001326
263 0.003076
264 0.005471
265 0.009026
266 0.012847
267 0.016820
268 0.021199
269 0.027733
270 0.040497
271 0.055458
272 0.070695
273 0.084453
