1 0.000000
2 0.004853
3 0.010529
4 0.021931
5 0.018356
6 0.021183
7 0.021165
8 0.020873
9 0.020148
10 0.020850
11 0.022192
12 0.025077
13 0.026248
14 0.030239
15 0.020420
16 0.044823
17 0.052137
18 0.069902
19 0.064833
20 0.092780
21 0.108838
22 0.114418
23 0.125646
24 0.151884
25 0.134477
26 0.211154
27 0.195085
28 0.273676
29 0.284874
30 0.294270
31 0.284559
32 0.281102
33 0.293145
34 0.311356
35 0.244707
36 0.133119
37 0.236352
38 0.215295
39 0.217008
40 0.211267
41 0.218956
42 0.213887
43 0.218178
44 0.220562
45 0.232529
46 0.182516
47 0.264291
48 0.276985
49 0.293060
50 0.284584
51 0.275306
52 0.174358
53 0.085319
54 0.254959
55 0.405225
56 0.603691
57 0.647055
58 0.660719
59 0.647744
60 0.630407
61 0.596999
62 0.555772
63 0.516095
64 0.469700
65 0.510456
66 0.350769
67 0.310925
68 0.179727
69 0.038762
70 0.071015
71 0.059016
72 0.052614
73 0.041752
74 0.058112
75 0.034581
76 0.034990
77 0.027125
78 0.019820
79 0.013156
80 0.005237
81 0.006484
82 0.005543
83 0.005219
84 0.003261
85 0.000788
86 0.002168
87 0.002914
88 0.001927
89 0.001863
90 0.001746
91 0.001528
92 0.001354
93 0.001068
94 0.000855
95 0.000814
96 0.000787
97 0.000650
98 0.000853
99 0.000481
100 0.000408
101 0.000331
102 0.000249
103 0.000217
104 0.000195
105 0.000177
106 0.000161
107 0.000146
108 0.000139
109 0.000115
110 0.000103
111 0.000155
112 0.000073
113 0.000067
114 0.000058
115 0.000045
116 0.000037
117 0.000031
118 0.000027
119 0.000025
120 0.000014
121 0.000004
122 0.000004
123 0.000004
124 0.000007
125 0.000004
126 0.000024
127 0.000004
128 0.000001
129 0.000000
130 0.000089
131 0.000000
132 0.000383
133 0.002231
134 0.000621
135 0.000613
136 0.000834
137 0.001428
138 0.006479
139 0.012232
140 0.014856
141 0.023020
142 0.018278
143 0.023123
144 0.039956
145 0.053361
146 0.072414
147 0.096075
148 0.126622
149 0.162477
150 0.148021
151 0.139705
152 0.043457
153 0.253156
154 0.000000
155 0.125418
156 0.008938
157 0.000000
158 0.000000
159 0.000000
160 0.000000
161 0.000000
162 0.000000
163 0.000000
164 0.000000
165 0.000000
166 0.000125
167 0.000152
168 0.000329
169 0.000000
170 0.000383
171 0.000659
172 0.000285
173 0.000246
174 0.000268
175 0.000556
176 0.000868
177 0.000857
178 0.001877
179 0.002136
180 0.006405
181 0.005556
182 0.004675
183 0.013482
184 0.024741
185 0.013595
186 0.034133
187 0.042349
188 0.071228
189 0.062877
190 0.115338
191 0.134452
192 0.166125
193 0.194973
194 0.224906
195 0.255019
196 0.286944
197 0.330173
198 0.366362
199 0.449594
200 0.499750
201 0.442443
202 0.355973
203 0.312863
204 0.262743
205 0.224151
206 0.188674
207 0.161349
208 0.134074
209 0.108841
210 0.133808
211 0.074163
212 0.062795
213 0.055869
214 0.063199
215 0.093946
216 0.096684
217 0.113943
218 0.146791
219 0.122515
220 0.111145
221 0.105388
222 0.097038
223 0.090878
224 0.085194
225 0.080775
226 0.075309
227 0.082313
228 0.059703
229 0.083123
230 0.057757
231 0.061275
232 0.043867
233 0.034810
234 0.024761
235 0.042320
236 0.014179
237 0.013496
238 0.011445
239 0.009220
240 0.007894
241 0.013207
242 0.006015
243 0.006407
244 0.003378
245 0.002356
246 0.001914
247 0.001651
248 0.001461
249 0.001668
250 0.000905
251 0.001857
252 0.000813
253 0.001317
254 0.000687
255 0.000590
256 0.000893
257 0.000628
258 0.000806
259 0.000978
260 0.001119
261 0.001747
262 0.001251
263 0.007728
264 0.002946
265 0.004432
266 0.005965
267 0.006904
268 0.007532
269 0.012258
270 0.009897
271 0.011594
272 0.012834
273 0.013259
