1 0.100000
2 0.091319
3 0.000000
4 0.090056
5 0.000000
6 0.088792
7 0.000000
8 0.087524
9 0.000000
10 0.086252
11 0.000000
12 0.084973
13 0.000000
14 0.083686
15 0.000000
16 0.082386
17 0.000000
18 0.081070
19 0.000000
20 0.079730
21 0.000000
22 0.078362
23 0.000000
24 0.076958
25 0.000000
26 0.075510
27 0.000000
28 0.074008
29 0.000000
30 0.072443
31 0.000000
32 0.070805
33 0.000000
34 0.069083
35 0.000000
36 0.067265
37 0.000000
38 0.065338
39 0.000000
40 0.063288
41 0.000000
42 0.061098
43 0.000000
44 0.058753
45 0.000000
46 0.056232
47 0.000000
48 0.053514
49 0.000000
50 0.050576
51 0.000000
52 0.047392
53 0.000000
54 0.043938
55 0.000000
56 0.040185
57 0.000000
58 0.036108
59 0.000000
60 0.031685
61 0.000000
62 0.026896
63 0.000000
64 0.021724
65 0.000000
66 0.016153
67 0.000000
68 0.010151
69 0.000000
70 0.003658
71 0.004086
72 0.000000
73 0.011493
74 0.000000
75 0.019235
76 0.000000
77 0.027236
78 0.000000
79 0.035447
80 0.000000
81 0.043830
82 0.000000
83 0.052347
84 0.000000
85 0.060952
86 0.000000
87 0.069590
88 0.000000
89 0.078201
90 0.000000
91 0.086720
92 0.000000
93 0.095080
94 0.000000
95 0.103217
96 0.000000
97 0.111069
98 0.000000
99 0.118579
100 0.000000
101 0.125698
102 0.000000
103 0.132383
104 0.000000
105 0.138598
106 0.000000
107 0.144316
108 0.000000
109 0.149518
110 0.000000
111 0.154191
112 0.000000
113 0.158331
114 0.000000
115 0.161940
116 0.000000
117 0.165028
118 0.000000
119 0.167609
120 0.000000
121 0.169702
122 0.000000
123 0.171331
124 0.000000
125 0.172523
126 0.000000
127 0.173307
128 0.000000
129 0.173713
130 0.000000
131 0.173772
132 0.000000
133 0.173515
134 0.000000
135 0.172972
136 0.000000
137 0.172169
138 0.000000
139 0.171133
140 0.000000
141 0.169887
142 0.000000
143 0.168451
144 0.000000
145 0.166843
146 0.000000
147 0.165075
148 0.000000
149 0.163160
150 0.000000
151 0.161107
152 0.000000
153 0.158921
154 0.000000
155 0.156607
156 0.000000
157 0.154168
158 0.000000
159 0.151605
160 0.000000
161 0.148919
162 0.000000
163 0.146110
164 0.000000
165 0.143179
166 0.000000
167 0.140128
168 0.000000
169 0.136957
170 0.000000
171 0.133670
172 0.000000
173 0.130271
174 0.000000
175 0.126766
176 0.000000
177 0.123162
178 0.000000
179 0.119467
180 0.000000
181 0.115691
182 0.000000
183 0.111848
184 0.000000
185 0.107950
186 0.000000
187 0.104011
188 0.000000
189 0.100049
190 0.000000
191 0.096081
192 0.000000
193 0.092125
194 0.000000
195 0.088201
196 0.000000
197 0.084330
198 0.000000
199 0.080533
200 0.000000
201 0.076833
202 0.000000
203 0.073252
204 0.000000
205 0.069814
206 0.000000
207 0.066543
208 0.000000
209 0.063464
210 0.000000
211 0.060599
212 0.000000
213 0.057975
214 0.000000
215 0.055615
216 0.000000
217 0.053542
218 0.000000
219 0.051780
220 0.000000
221 0.050350
222 0.000000
223 0.049275
224 0.000000
225 0.048572
226 0.000000
227 0.048259
228 0.000000
229 0.048352
230 0.000000
231 0.048862
232 0.000000
233 0.049800
234 0.000000
235 0.051170
236 0.000000
237 0.052977
238 0.000000
239 0.055217
240 0.000000
241 0.057886
242 0.000000
243 0.060972
244 0.000000
245 0.064461
246 0.000000
247 0.068333
248 0.000000
249 0.072563
250 0.000000
251 0.077122
252 0.000000
253 0.081975
254 0.000000
255 0.087084
256 0.000000
257 0.092405
258 0.000000
259 0.097892
260 0.000000
261 0.103494
262 0.000000
263 0.109157
264 0.000000
265 0.114826
266 0.000000
267 0.120441
268 0.000000
269 0.125945
270 0.000000
271 0.131277
272 0.000000
273 0.136377
274 0.000000
275 0.141187
276 0.000000
277 0.145650
278 0.000000
279 0.149712
280 0.000000
281 0.153320
282 0.000000
283 0.156428
284 0.000000
285 0.158991
286 0.000000
287 0.160972
288 0.000000
289 0.162338
290 0.000000
291 0.163060
292 0.000000
293 0.163120
294 0.000000
295 0.162502
296 0.000000
297 0.161199
298 0.000000
299 0.159211
300 0.000000
301 0.156543
302 0.000000
303 0.153210
304 0.000000
305 0.149232
306 0.000000
307 0.144636
308 0.000000
309 0.139456
310 0.000000
311 0.133732
312 0.000000
313 0.127511
314 0.000000
315 0.120842
316 0.000000
317 0.113782
318 0.000000
319 0.106389
320 0.000000
321 0.098723
322 0.000000
323 0.090845
324 0.000000
325 0.082813
326 0.000000
327 0.074684
328 0.000000
329 0.066508
330 0.000000
331 0.058329
332 0.000000
333 0.050182
334 0.000000
335 0.042093
336 0.000000
337 0.034076
338 0.000000
339 0.026138
340 0.003990
341 0.018272
342 0.011915
343 0.010518
344 0.019746
345 0.002855
346 0.027446
347 0.000000
348 0.034915
349 0.000000
350 0.041930
351 0.000000
352 0.048417
353 0.000000
354 0.054315
355 0.000000
356 0.059577
357 0.000000
358 0.064168
359 0.000000
360 0.068065
361 0.000000
362 0.071258
363 0.000000
364 0.073748
365 0.000000
366 0.075545
367 0.000000
368 0.076667
369 0.000000
370 0.077140
371 0.000000
372 0.076996
373 0.000000
374 0.076270
375 0.000000
376 0.075004
377 0.000000
378 0.073240
379 0.000000
380 0.071023
381 0.000000
382 0.068400
383 0.000000
384 0.065415
385 0.000000
386 0.062116
387 0.000000
388 0.058546
389 0.000000
390 0.054748
391 0.000000
392 0.050762
393 0.000000
394 0.046624
395 0.000000
396 0.042368
397 0.000000
398 0.038022
399 0.000000
400 0.033613
401 0.000000
402 0.029160
403 0.000000
404 0.024680
405 0.000000
406 0.020185
407 0.000000
408 0.015684
409 0.000000
410 0.011182
411 0.000000
412 0.006681
413 0.002084
414 0.002215
415 0.004225
416 0.000000
417 0.006340
418 0.000000
419 0.008416
420 0.000000
421 0.010442
422 0.000000
423 0.012405
424 0.000000
425 0.014296
426 0.000000
427 0.016107
428 0.000000
429 0.017829
430 0.000000
431 0.019456
432 0.000000
433 0.020981
434 0.000000
435 0.022400
436 0.000000
437 0.023709
438 0.000000
439 0.024906
440 0.000000
441 0.025987
442 0.000000
443 0.026952
444 0.000000
445 0.027799
446 0.000000
447 0.028529
448 0.000000
449 0.029141
450 0.000000
451 0.029637
452 0.000000
453 0.030017
454 0.000000
455 0.030285
456 0.000000
457 0.030442
458 0.000000
459 0.030491
460 0.000000
461 0.030436
462 0.000000
463 0.030282
464 0.000000
465 0.030033
466 0.000000
467 0.029695
468 0.000000
469 0.029272
470 0.000000
471 0.028772
472 0.000000
473 0.028202
474 0.000000
475 0.027568
476 0.000000
477 0.026876
478 0.000000
479 0.026136
480 0.000000
481 0.025353
482 0.000000
483 0.024536
484 0.000000
485 0.023690
486 0.000000
487 0.022824
488 0.000000
489 0.021942
490 0.000000
491 0.021052
492 0.000000
493 0.020158
494 0.000000
495 0.019266
496 0.000000
497 0.018379
498 0.000000
499 0.017501
500 0.000000
501 0.016635
502 0.000000
503 0.015783
504 0.000000
505 0.014948
506 0.000000
507 0.014130
508 0.000000
509 0.013330
510 0.000000
511 0.012549
512 0.000000
513 0.011785
514 0.000000
515 0.011040
516 0.000000
517 0.010311
518 0.000000
519 0.009598
520 0.000000
521 0.008899
522 0.000000
523 0.008215
524 0.000000
525 0.007542
526 0.000000
527 0.006880
528 0.000000
529 0.006228
530 0.000000
531 0.005584
532 0.000000
533 0.004948
534 0.000000
535 0.004317
536 0.000000
537 0.003692
538 0.000000
539 0.003071
540 0.000000
541 0.002453
542 0.000000
543 0.001837
544 0.000000
545 0.001224
546 0.000000
547 0.000612
548 0.000000
549 0.000000
