1 0.000000
2 0.013134
3 0.029621
4 0.048498
5 0.070267
6 0.070947
7 0.080965
8 0.087671
9 0.094860
10 0.100735
11 0.106090
12 0.110675
13 0.116577
14 0.115666
15 0.155516
16 0.126658
17 0.157849
18 0.158780
19 0.241726
20 0.257811
21 0.283032
22 0.335069
23 0.365210
24 0.469343
25 0.431443
26 0.460578
27 0.313993
28 0.340659
29 0.319416
30 0.274862
31 0.247579
32 0.217666
33 0.184462
34 0.170859
35 0.107907
36 0.122759
37 0.090360
38 0.111707
39 0.129965
40 0.129680
41 0.127352
42 0.126325
43 0.121851
44 0.117975
45 0.101471
46 0.128357
47 0.089625
48 0.094023
49 0.084852
50 0.075852
51 0.061582
52 0.057528
53 0.025625
54 0.032537
55 0.053384
56 0.065687
57 0.078615
58 0.087613
59 0.101170
60 0.094373
61 0.092164
62 0.086356
63 0.079080
64 0.070141
65 0.059725
66 0.053793
67 0.036129
68 0.022736
69 0.018083
70 0.014091
71 0.020347
72 0.023627
73 0.025153
74 0.031184
75 0.030212
76 0.025128
77 0.022125
78 0.017622
79 0.010988
80 0.010054
81 0.008174
82 0.012631
83 0.015403
84 0.016113
85 0.025992
86 0.038855
87 0.058154
88 0.067880
89 0.083942
90 0.096855
91 0.112061
92 0.120636
93 0.124184
94 0.157244
95 0.125817
96 0.117071
97 0.094543
98 0.117815
99 0.079778
100 0.087207
101 0.083243
102 0.080774
103 0.076934
104 0.072421
105 0.067124
106 0.061076
107 0.054428
108 0.046634
109 0.040275
110 0.030038
111 0.027405
112 0.023894
113 0.026245
114 0.026350
115 0.025980
116 0.024537
117 0.022332
118 0.018803
119 0.016393
120 0.012148
121 0.006707
122 0.004585
123 0.001781
124 0.001213
125 0.001189
126 0.000421
127 0.000247
128 0.000033
129 0.000072
130 0.000668
131 0.000668
132 0.001707
133 0.003690
134 0.003216
135 0.002432
136 0.002056
137 0.009544
138 0.013848
139 0.024679
140 0.029398
141 0.037536
142 0.028037
143 0.039885
144 0.048049
145 0.062958
146 0.086052
147 0.071370
148 0.070222
149 0.061716
150 0.054586
151 0.040756
152 0.041233
153 0.005325
154 0.006247
155 0.004724
156 0.000681
157 0.001567
158 0.000256
159 0.000199
160 0.000030
161 0.000016
162 0.000027
163 0.000023
164 0.000110
165 0.000078
166 0.000415
167 0.000535
168 0.000887
169 0.002341
170 0.004005
171 0.012520
172 0.021693
173 0.029918
174 0.065705
175 0.100889
176 0.091599
177 0.163571
178 0.150521
179 0.310409
180 0.274107
181 0.177799
182 0.111578
183 0.062420
184 0.064575
185 0.071274
186 0.071301
187 0.070791
188 0.080548
189 0.120582
190 0.120487
191 0.160047
192 0.194219
193 0.233734
194 0.276666
195 0.323666
196 0.374957
197 0.429034
198 0.491603
199 0.535260
200 0.678293
201 0.536836
202 0.486428
203 0.419118
204 0.359726
205 0.303016
206 0.250460
207 0.200990
208 0.157278
209 0.105728
210 0.104049
211 0.056272
212 0.051895
213 0.063184
214 0.050570
215 0.065761
216 0.072458
217 0.079676
218 0.100012
219 0.090443
220 0.094749
221 0.094810
222 0.094688
223 0.093426
224 0.091293
225 0.087930
226 0.084696
227 0.075587
228 0.087135
229 0.064846
230 0.080642
231 0.058116
232 0.053813
233 0.045212
234 0.033398
235 0.036714
236 0.028204
237 0.046114
238 0.036997
239 0.042562
240 0.033773
241 0.048471
242 0.046039
243 0.047964
244 0.053791
245 0.056516
246 0.057584
247 0.056414
248 0.053682
249 0.046627
250 0.047514
251 0.044066
252 0.023713
253 0.030920
254 0.019427
255 0.018712
256 0.023893
257 0.016412
258 0.017960
259 0.016868
260 0.015009
261 0.016068
262 0.010557
263 0.017404
264 0.026615
265 0.043866
266 0.060658
267 0.081191
268 0.094248
269 0.151566
270 0.155409
271 0.205523
272 0.250347
273 0.310147
